4.5199999999999	-30	0.020021738934397
4.5199999999999	-29.5	0.016998656843339
4.5199999999999	-29	0.014394323958941
4.5199999999999	-28.5	0.012163849529111
4.5199999999999	-28	0.010266212705222
4.5199999999999	-27.5	0.0086643180942779
4.5199999999999	-27	0.0073249993522267
4.5199999999999	-26.5	0.0062189818466153
4.5199999999999	-26	0.0053208148848744
4.5199999999999	-25.5	0.0046087832725642
4.5199999999999	-25	0.0040648070767872
4.5199999999999	-24.5	0.0036743374625908
4.5199999999999	-24	0.003426255378775
4.5199999999999	-23.5	0.0033127787231616
4.5199999999999	-23	0.0033293824399539
4.5199999999999	-22.5	0.003474734812273
4.5199999999999	-22	0.0037506520258927
4.5199999999999	-21.5	0.0041620719065903
4.5199999999999	-21	0.0047170465816744
4.5199999999999	-20.5	0.0054267526927099
4.5199999999999	-20	0.0063055166970768
4.5199999999999	-19.5	0.0073708517468319
4.5199999999999	-19	0.0086435016315405
4.5199999999999	-18.5	0.010147486326241
4.5199999999999	-18	0.011910142807841
4.5199999999999	-17.5	0.013962154007086
4.5199999999999	-17	0.01633755806594
4.5199999999999	-16.5	0.019073729491713
4.5199999999999	-16	0.022211323362644
4.5199999999999	-15.5	0.025794173469929
4.5199999999999	-15	0.029869135205684
4.5199999999999	-14.5	0.034485864152769
4.5199999999999	-14	0.039696521728872
4.5199999999999	-13.5	0.045555399909936
4.5199999999999	-13	0.05211845803051
4.5199999999999	-12.5	0.059442765949668
4.5199999999999	-12	0.067585849493141
4.5199999999999	-11.5	0.076604936039335
4.5199999999999	-11	0.086556100402752
4.5199999999999	-10.5	0.097493313765066
4.5199999999999	-10	0.10946740128022
4.5199999999999	-9.5	0.12252491708972
4.5199999999999	-9	0.13670694876676
4.5199999999999	-8.5	0.15204786658728
4.5199999999999	-8	0.168574036412
4.5199999999999	-7.5	0.18630251825344
4.5199999999999	-7	0.20523977568169
4.5199999999999	-6.5	0.2253804239719
4.5199999999999	-6	0.24670604718965
4.5199999999999	-5.5	0.26918411612411
4.5199999999999	-5	0.29276703999358
4.5199999999999	-4.5	0.31739138505718
4.5199999999999	-4	0.34297729257659
4.5199999999999	-3.5	0.3694281269144
4.5199999999999	-3	0.39663038188523
4.5199999999999	-2.5	0.42445386977948
4.5199999999999	-2	0.45275221277811
4.5199999999999	-1.5	0.48136365082749
4.5199999999999	-1	0.51011217354003
4.5199999999999	-0.5	0.5388089764626
4.5199999999999	0	0.56725423427718
4.5199999999999	0.5	0.59523917536643
4.5199999999999	1	0.62254843391805
4.5199999999999	1.5	0.64896264760155
4.5199999999999	2	0.67426126108943
4.5199999999999	2.5	0.69822548857334
4.5199999999999	3	0.72064138220141
4.5199999999999	3.5	0.74130294827545
4.5199999999999	4	0.76001524930936
4.5199999999999	4.5	0.77659742784145
4.5199999999999	5	0.79088558734757
4.5199999999999	5.5	0.80273546680089
4.5199999999999	6	0.81202484839588
4.5199999999999	6.5	0.81865564266429
4.5199999999999	7	0.8225556015668
4.5199999999999	7.5	0.82367961799382
4.5199999999999	8	0.82201057924517
4.5199999999999	8.5	0.81755975222645
4.5199999999999	9	0.81036668900457
4.5199999999999	9.5	0.80049865268241
4.5199999999999	10	0.78804957493997
4.5199999999999	10.5	0.77313856770013
4.5199999999999	11	0.7559080218713
4.5199999999999	11.5	0.73652133567815
4.5199999999999	12	0.71516032342788
4.5199999999999	12.5	0.69202236243019
4.5199999999999	13	0.66731734100123
4.5199999999999	13.5	0.64126447390275
4.5199999999999	14	0.6140890531255
4.5199999999999	14.5	0.586019201614
4.5199999999999	15	0.55728269540513
4.5199999999999	15.5	0.52810391583043
4.5199999999999	16	0.49870098808279
4.5199999999999	16.5	0.46928315578624
4.5199999999999	17	0.44004843348713
4.5199999999999	17.5	0.4111815704815
4.5199999999999	18	0.38285235040132
4.5199999999999	18.5	0.35521424179524
4.5199999999999	19	0.32840340584579
4.5199999999999	19.5	0.30253805863321
4.5199999999999	20	0.27771817722847
4.5199999999999	20.5	0.2540255315822
4.5199999999999	21	0.231524017839
4.5199999999999	21.5	0.21026026347288
4.5199999999999	22	0.1902644705863
4.5199999999999	22.5	0.17155146087734
4.5199999999999	23	0.15412188414639
4.5199999999999	23.5	0.13796355173718
4.5199999999999	24	0.1230528569033
4.5199999999999	24.5	0.10935624564921
4.5199999999999	25	0.096831703980335
4.5199999999999	25.5	0.085430230561412
4.5199999999999	26	0.075097267368551
4.5199999999999	26.5	0.065774064870443
4.5199999999999	27	0.05739896243224
4.5199999999999	27.5	0.049908568857556
4.5199999999999	28	0.043238832137794
4.5199999999999	28.5	0.037325991449299
4.5199999999999	29	0.032107408132139
4.5199999999999	29.5	0.027522275724774
4.5199999999999	30	0.02351221206193