5.3199999999999	-30	0.36219945245598
5.3199999999999	-29.5	0.33628717889247
5.3199999999999	-29	0.31117683681615
5.3199999999999	-28.5	0.28696932335815
5.3199999999999	-28	0.26374958039785
5.3199999999999	-27.5	0.24158669531967
5.3199999999999	-27	0.22053424560704
5.3199999999999	-26.5	0.20063086258158
5.3199999999999	-26	0.18190098661923
5.3199999999999	-25.5	0.16435578412868
5.3199999999999	-25	0.1479941954483
5.3199999999999	-24.5	0.13280408256641
5.3199999999999	-24	0.11876344613037
5.3199999999999	-23.5	0.10584168249884
5.3199999999999	-23	0.094000853507468
5.3199999999999	-22.5	0.083196944049771
5.3199999999999	-22	0.073381085405612
5.3199999999999	-21.5	0.064500725360228
5.3199999999999	-21	0.056500729431836
5.3199999999999	-20.5	0.049324400856364
5.3199999999999	-20	0.042914410264241
5.3199999999999	-19.5	0.037213629139083
5.3199999999999	-19	0.032165864097662
5.3199999999999	-18.5	0.027716491715629
5.3199999999999	-18	0.02381299599974
5.3199999999999	-17.5	0.020405412645173
5.3199999999999	-17	0.017446685899866
5.3199999999999	-16.5	0.01489294518315
5.3199999999999	-16	0.012703709580582
5.3199999999999	-15.5	0.010842028977155
5.3199999999999	-15	0.0092745709205171
5.3199999999999	-14.5	0.0079716623530738
5.3199999999999	-14	0.006907295149208
5.3199999999999	-13.5	0.0060591039749632
5.3199999999999	-13	0.0054083243866699
5.3199999999999	-12.5	0.004939738335226
5.3199999999999	-12	0.0046416133753381
5.3199999999999	-11.5	0.0045056409227081
5.3199999999999	-11	0.0045268778826577
5.3199999999999	-10.5	0.0047036949137452
5.3199999999999	-10	0.0050377335092964
5.3199999999999	-9.5	0.0055338729955408
5.3199999999999	-9	0.0062002074720969
5.3199999999999	-8.5	0.007048031672075
5.3199999999999	-8	0.0080918337071749
5.3199999999999	-7.5	0.0093492916994786
5.3199999999999	-7	0.010841270397882
5.3199999999999	-6.5	0.012591813045589
5.3199999999999	-6	0.01462812301908
5.3199999999999	-5.5	0.016980529113069
5.3199999999999	-5	0.019682427816009
5.3199999999999	-4.5	0.022770195524114
5.3199999999999	-4	0.026283063396859
5.3199999999999	-3.5	0.030262947482745
5.3199999999999	-3	0.034754226859902
5.3199999999999	-2.5	0.039803462860614
5.3199999999999	-2	0.0454590529991
5.3199999999999	-1.5	0.051770814012592
5.3199999999999	-1	0.058789489467808
5.3199999999999	-0.5	0.06656617868431
5.3199999999999	0	0.075151685283041
5.3199999999999	0.5	0.084595785475055
5.3199999999999	1	0.094946418246478
5.3199999999999	1.5	0.10624880184594
5.3199999999999	2	0.11854448340519
5.3199999999999	2.5	0.13187033107687
5.3199999999999	3	0.14625748070009
5.3199999999999	3.5	0.16173025163837
5.3199999999999	4	0.17830504900245
5.3199999999999	4.5	0.19598927188866
5.3199999999999	5	0.21478024944662
5.3199999999999	5.5	0.23466422844551
5.3199999999999	6	0.25561543744698
5.3199999999999	6.5	0.27759525362594
5.3199999999999	7	0.30055149862758
5.3199999999999	7.5	0.32441788953974
5.3199999999999	8	0.34911367003594
5.3199999999999	8.5	0.37454344496792
5.3199999999999	9	0.40059723913833
5.3199999999999	9.5	0.42715079766824
5.3199999999999	10	0.45406614132101
5.3199999999999	10.5	0.4811923854102
5.3199999999999	11	0.50836682558735
5.3199999999999	11.5	0.53541628798591
5.3199999999999	12	0.56215873502356
5.3199999999999	12.5	0.58840511179182
5.3199999999999	13	0.61396141156217
5.3199999999999	13.5	0.63863093269665
5.3199999999999	14	0.6622166933601
5.3199999999999	14.5	0.68452396508269
5.3199999999999	15	0.70536288160149
5.3199999999999	15.5	0.72455107569015
5.3199999999999	16	0.7419162940186
5.3199999999999	16.5	0.75729893859479
5.3199999999999	17	0.77055448312142
5.3199999999999	17.5	0.7815557137066
5.3199999999999	18	0.7901947458145
5.3199999999999	18.5	0.79638477310184
5.3199999999999	19	0.80006150878713
5.3199999999999	19.5	0.80118428632969
5.3199999999999	20	0.7997367933013
5.3199999999999	20.5	0.79572742022879
5.3199999999999	21	0.78918921465401
5.3199999999999	21.5	0.78017943946176
5.3199999999999	22	0.76877874341436
5.3199999999999	22.5	0.75508996054728
5.3199999999999	23	0.73923656337213
5.3199999999999	23.5	0.72136080246094
5.3199999999999	24	0.70162157173227
5.3199999999999	24.5	0.68019204443635
5.3199999999999	25	0.65725712928931
5.3199999999999	25.5	0.63301079932506
5.3199999999999	26	0.60765334774745
5.3199999999999	26.5	0.58138862535488
5.3199999999999	27	0.55442131299709
5.3199999999999	27.5	0.52695428007862
5.3199999999999	28	0.49918607645387
5.3199999999999	28.5	0.47130860030999
5.3199999999999	29	0.44350497898002
5.3199999999999	29.5	0.41594769326778
5.3199999999999	30	0.38879696900854