7.5099999999999	-30	0.056461792741814
7.5099999999999	-29.5	0.063315688884588
7.5099999999999	-29	0.070832699406314
7.5099999999999	-28.5	0.079049523844173
7.5099999999999	-28	0.088001679241006
7.5099999999999	-27.5	0.097722904146498
7.5099999999999	-27	0.10824452403967
7.5099999999999	-26.5	0.11959478305318
7.5099999999999	-26	0.13179814827741
7.5099999999999	-25.5	0.14487459433584
7.5099999999999	-25	0.15883887731752
7.5099999999999	-24.5	0.17369980848994
7.5099999999999	-24	0.18945953945644
7.5099999999999	-23.5	0.20611287152318
7.5099999999999	-23	0.22364660296092
7.5099999999999	-22.5	0.24203892854293
7.5099999999999	-22	0.26125890617334
7.5099999999999	-21.5	0.28126600555351
7.5099999999999	-21	0.30200975363517
7.5099999999999	-20.5	0.32342949105366
7.5099999999999	-20	0.3454542528039
7.5099999999999	-19.5	0.36800278510693
7.5099999999999	-19	0.39098370871756
7.5099999999999	-18.5	0.41429583685451
7.5099999999999	-18	0.43782865351782
7.5099999999999	-17.5	0.46146295522797
7.5099999999999	-17	0.48507165622391
7.5099999999999	-16.5	0.50852075395015
7.5099999999999	-16	0.53167044831247
7.5099999999999	-15.5	0.55437640476487
7.5099999999999	-15	0.57649114788772
7.5099999999999	-14.5	0.59786556881736
7.5099999999999	-14	0.61835052677964
7.5099999999999	-13.5	0.63779852215317
7.5099999999999	-13	0.65606541602865
7.5099999999999	-12.5	0.67301216921989
7.5099999999999	-12	0.6885065721892
7.5099999999999	-11.5	0.70242493643848
7.5099999999999	-11	0.71465371763073
7.5099999999999	-10.5	0.72509104107861
7.5099999999999	-10	0.7336481012786
7.5099999999999	-9.5	0.74025040887821
7.5099999999999	-9	0.74483886081456
7.5099999999999	-8.5	0.74737061231409
7.5099999999999	-8	0.74781973293481
7.5099999999999	-7.5	0.74617763278703
7.5099999999999	-7	0.74245324939519
7.5099999999999	-6.5	0.73667299025844
7.5099999999999	-6	0.72888043091873
7.5099999999999	-5.5	0.71913577313383
7.5099999999999	-5	0.70751507245899
7.5099999999999	-4.5	0.69410924904559
7.5099999999999	-4	0.67902289965477
7.5099999999999	-3.5	0.66237293265355
7.5099999999999	-3	0.64428705101746
7.5099999999999	-2.5	0.62490211102911
7.5099999999999	-2	0.60436238637513
7.5099999999999	-1.5	0.58281776866253
7.5099999999999	-1	0.56042193597742
7.5099999999999	-0.5	0.53733052099235
7.5099999999999	0	0.51369930931184
7.5099999999999	0.5	0.48968249726554
7.5099999999999	1	0.4654310362714
7.5099999999999	1.5	0.44109108826603
7.5099999999999	2	0.41680261362125
7.5099999999999	2.5	0.39269810952632
7.5099999999999	3	0.36890151311646
7.5099999999999	3.5	0.34552727977184
7.5099999999999	4	0.32267964310241
7.5099999999999	4.5	0.30045205927244
7.5099999999999	5	0.27892683459976
7.5099999999999	5.5	0.25817493187412
7.5099999999999	6	0.23825594765242
7.5099999999999	6.5	0.21921824996808
7.5099999999999	7	0.20109926348677
7.5099999999999	7.5	0.18392588718553
7.5099999999999	8	0.16771502814598
7.5099999999999	8.5	0.15247423404187
7.5099999999999	9	0.13820240635597
7.5099999999999	9.5	0.12489057626355
7.5099999999999	10	0.11252272543522
7.5099999999999	10.5	0.10107663470218
7.5099999999999	11	0.090524744542605
7.5099999999999	11.5	0.080835012636935
7.5099999999999	12	0.071971755245176
7.5099999999999	12.5	0.06389646082408
7.5099999999999	13	0.056568566068935
7.5099999999999	13.5	0.049946186379121
7.5099999999999	14	0.04398679455759
7.5099999999999	14.5	0.038647843315615
7.5099999999999	15	0.03388732882511
7.5099999999999	15.5	0.029664294107177
7.5099999999999	16	0.025939272439738
7.5099999999999	16.5	0.022674672188193
7.5099999999999	17	0.01983510549675
7.5099999999999	17.5	0.017387664116376
7.5099999999999	18	0.015302146285885
7.5099999999999	18.5	0.013551239028576
7.5099999999999	19	0.01211066048539
7.5099999999999	19.5	0.010959266988099
7.5099999999999	20	0.01007912949675
7.5099999999999	20.5	0.0094555838012823
7.5099999999999	21	0.0090772585360571
7.5099999999999	21.5	0.0089360845975771
7.5099999999999	22	0.0090272890099141
7.5099999999999	22.5	0.0093493756694587
7.5099999999999	23	0.0099040947406365
7.5099999999999	23.5	0.010696401786718
7.5099999999999	24	0.011734407023777
7.5099999999999	24.5	0.013029314399416
7.5099999999999	25	0.014595349538504
7.5099999999999	25.5	0.01644967498239
7.5099999999999	26	0.018612290591637
7.5099999999999	26.5	0.021105916499899
7.5099999999999	27	0.023955855612255
7.5099999999999	27.5	0.027189832347696
7.5099999999999	28	0.03083780414456
7.5099999999999	28.5	0.034931742189852
7.5099999999999	29	0.039505377907661
7.5099999999999	29.5	0.044593911955647
7.5099999999999	30	0.050233682837048