7.6499999999999	-30	0.034803772701165
7.6499999999999	-29.5	0.03933084463416
7.6499999999999	-29	0.044367073931185
7.6499999999999	-28.5	0.049948021617679
7.6499999999999	-28	0.056110025534193
7.6499999999999	-27.5	0.062889789992818
7.6499999999999	-27	0.070323931560188
7.6499999999999	-26.5	0.078448480950378
7.6499999999999	-26	0.087298342029359
7.6499999999999	-25.5	0.09690671006263
7.6499999999999	-25	0.10730445256159
7.6499999999999	-24.5	0.11851945738072
7.6499999999999	-24	0.13057595406079
7.6499999999999	-23.5	0.14349381577394
7.6499999999999	-23	0.15728785057093
7.6499999999999	-22.5	0.17196709192391
7.6499999999999	-22	0.18753409975974
7.6499999999999	-21.5	0.20398428425106
7.6499999999999	-21	0.22130526553211
7.6499999999999	-20.5	0.23947628319556
7.6499999999999	-20	0.25846766986551
7.6499999999999	-19.5	0.27824040329608
7.6499999999999	-19	0.2987457512832
7.6499999999999	-18.5	0.3199250231748
7.6499999999999	-18	0.34170944090367
7.6499999999999	-17.5	0.36402014123816
7.6499999999999	-17	0.38676831934885
7.6499999999999	-16.5	0.40985552183441
7.6499999999999	-16	0.43317409505788
7.6499999999999	-15.5	0.45660779204756
7.6499999999999	-15	0.48003253835776
7.6499999999999	-14.5	0.50331735421681
7.6499999999999	-14	0.52632542707598
7.6499999999999	-13.5	0.54891532538483
7.6499999999999	-13	0.57094234113408
7.6499999999999	-12.5	0.59225994550866
7.6499999999999	-12	0.6127213389673
7.6499999999999	-11.5	0.63218107429612
7.6499999999999	-11	0.65049672875469
7.6499999999999	-10.5	0.66753059942275
7.6499999999999	-10	0.68315139433304
7.6499999999999	-9.5	0.6972358910009
7.6499999999999	-9	0.70967053358134
7.6499999999999	-8.5	0.72035294013035
7.6499999999999	-8	0.72919329233713
7.6499999999999	-7.5	0.7361155816245
7.6499999999999	-7	0.74105868766821
7.6499999999999	-6.5	0.74397726812411
7.6499999999999	-6	0.7448424416214
7.6499999999999	-5.5	0.74364224980957
7.6499999999999	-5	0.74038188835212
7.6499999999999	-4.5	0.73508370114365
7.6499999999999	-4	0.72778693658438
7.6499999999999	-3.5	0.71854726936354
7.6499999999999	-3	0.70743609576667
7.6499999999999	-2.5	0.69453961491723
7.6499999999999	-2	0.67995771247929
7.6499999999999	-1.5	0.66380266708419
7.6499999999999	-1	0.64619770300648
7.6499999999999	-0.5	0.62727541532671
7.6499999999999	0	0.60717609591646
7.6499999999999	0.5	0.58604599002075
7.6499999999999	1	0.56403551396808
7.6499999999999	1.5	0.54129746460189
7.6499999999999	2	0.51798525041258
7.6499999999999	2.5	0.4942511730862
7.6499999999999	3	0.47024478632481
7.6499999999999	3.5	0.44611135639552
7.6499999999999	4	0.42199044600975
7.6499999999999	4.5	0.39801463990567
7.6499999999999	5	0.37430842700172
7.6499999999999	5.5	0.3509872503039
7.6499999999999	6	0.32815673198564
7.6499999999999	6.5	0.30591207731211
7.6499999999999	7	0.28433765744504
7.6499999999999	7.5	0.26350676772328
7.6499999999999	8	0.24348155484448
7.6499999999999	8.5	0.22431310353814
7.6499999999999	9	0.20604167087054
7.6499999999999	9.5	0.18869705429546
7.6499999999999	10	0.17229907798445
7.6499999999999	10.5	0.15685818084585
7.6499999999999	11	0.1423760889695
7.6499999999999	11.5	0.12884655499832
7.6499999999999	12	0.11625614710113
7.6499999999999	12.5	0.10458507076788
7.6499999999999	13	0.093808007524852
7.6499999999999	13.5	0.083894955823839
7.6499999999999	14	0.074812060743157
7.6499999999999	14.5	0.066522420694645
7.6499999999999	15	0.058986861004307
7.6499999999999	15.5	0.052164665972084
7.6499999999999	16	0.046014262767737
7.6499999999999	16.5	0.040493852238954
7.6499999999999	17	0.035561983353545
7.6499999999999	17.5	0.03117806953473
7.6499999999999	18	0.02730284654817
7.6499999999999	18.5	0.023898772838942
7.6499999999999	19	0.020930374280013
7.6499999999999	19.5	0.018364536170899
7.6499999999999	20	0.016170746011829
7.6499999999999	20.5	0.01432129107586
7.6499999999999	21	0.012791415114522
7.6499999999999	21.5	0.01155943867125
7.6499999999999	22	0.010606847453773
7.6499999999999	22.5	0.0099183530471906
7.6499999999999	23	0.0094819299507486
7.6499999999999	23.5	0.009288832512074
7.6499999999999	24	0.0093335948320772
7.6499999999999	24.5	0.009614016141674
7.6499999999999	25	0.010131133527645
7.6499999999999	25.5	0.01088918322876
7.6499999999999	26	0.011895551053696
7.6499999999999	26.5	0.013160711807525
7.6499999999999	27	0.014698156971196
7.6499999999999	27.5	0.016524309275112
7.6499999999999	28	0.018658422259473
7.6499999999999	28.5	0.021122462435405
7.6499999999999	29	0.02394097126592
7.6499999999999	29.5	0.027140903887372
7.6499999999999	30	0.030751441302042