8.3399999999999	-30	0.017987352090612
8.3399999999999	-29.5	0.016079598200115
8.3399999999999	-29	0.014506812100138
8.3399999999999	-28.5	0.013248800578291
8.3399999999999	-28	0.012288372148945
8.3399999999999	-27.5	0.011611414347217
8.3399999999999	-27	0.01120694537447
8.3399999999999	-26.5	0.01106714299828
8.3399999999999	-26	0.011187353221974
8.3399999999999	-25.5	0.011566080785025
8.3399999999999	-25	0.012204963053589
8.3399999999999	-24.5	0.013108728328223
8.3399999999999	-24	0.014285139050905
8.3399999999999	-23.5	0.015744919853133
8.3399999999999	-23	0.017501669867732
8.3399999999999	-22.5	0.019571758244767
8.3399999999999	-22	0.021974201381632
8.3399999999999	-21.5	0.024730520012865
8.3399999999999	-21	0.027864574019183
8.3399999999999	-20.5	0.031402372619199
8.3399999999999	-20	0.0353718575113
8.3399999999999	-19.5	0.039802656545669
8.3399999999999	-19	0.044725805634185
8.3399999999999	-18.5	0.050173436853661
8.3399999999999	-18	0.056178431068126
8.3399999999999	-17.5	0.062774033888788
8.3399999999999	-17	0.069993434403487
8.3399999999999	-16.5	0.077869306835449
8.3399999999999	-16	0.08643331612571
8.3399999999999	-15.5	0.095715589363093
8.3399999999999	-15	0.10574415599526
8.3399999999999	-14.5	0.1165443608261
8.3399999999999	-14	0.12813825491701
8.3399999999999	-13.5	0.14054397063851
8.3399999999999	-13	0.15377508823626
8.3399999999999	-12.5	0.16784000235331
8.3399999999999	-12	0.18274129795589
8.3399999999999	-11.5	0.19847514601163
8.3399999999999	-11	0.21503073003308
8.3399999999999	-10.5	0.23238971519361
8.3399999999999	-10	0.2505257721154
8.3399999999999	-9.5	0.26940416759269
8.3399999999999	-9	0.28898143442027
8.3399999999999	-8.5	0.30920513212902
8.3399999999999	-8	0.33001370976923
8.3399999999999	-7.5	0.35133648092134
8.3399999999999	-7	0.37309371985003
8.3399999999999	-6.5	0.39519688615736
8.3399999999999	-6	0.41754898344944
8.3399999999999	-5.5	0.44004505543107
8.3399999999999	-5	0.46257282051684
8.3399999999999	-4.5	0.48501344353514
8.3399999999999	-4	0.50724244045179
8.3399999999999	-3.5	0.52913070930758
8.3399999999999	-3	0.55054567781005
8.3399999999999	-2.5	0.57135255530913
8.3399999999999	-2	0.59141567428769
8.3399999999999	-1.5	0.61059990407962
8.3399999999999	-1	0.62877211735852
8.3399999999999	-0.5	0.64580268808375
8.3399999999999	0	0.66156699810687
8.3399999999999	0.5	0.67594692858364
8.3399999999999	1	0.68883231174698
8.3399999999999	1.5	0.70012231850759
8.3399999999999	2	0.70972675778259
8.3399999999999	2.5	0.7175672644138
8.3399999999999	3	0.72357835402148
8.3399999999999	3.5	0.72770832512435
8.3399999999999	4	0.72991999130767
8.3399999999999	4.5	0.73019122909091
8.3399999999999	5	0.72851533037288
8.3399999999999	5.5	0.72490115184548
8.3399999999999	6	0.71937305748619
8.3399999999999	6.5	0.71197065407797
8.3399999999999	7	0.70274832357126
8.3399999999999	7.5	0.69177455990539
8.3399999999999	8	0.67913112155178
8.3399999999999	8.5	0.66491201444404
8.3399999999999	9	0.64922232303626
8.3399999999999	9.5	0.63217690991006
8.3399999999999	10	0.61389900657024
8.3399999999999	10.5	0.59451871978002
8.3399999999999	11	0.57417147895413
8.3399999999999	11.5	0.55299645073251
8.3399999999999	12	0.53113494689279
8.3399999999999	12.5	0.5087288512382
8.3399999999999	13	0.48591909004313
8.3399999999999	13.5	0.46284416909052
8.3399999999999	14	0.43963879834466
8.3399999999999	14.5	0.41643262293071
8.3399999999999	15	0.39334907640862
8.3399999999999	15.5	0.37050436940928
8.3399999999999	16	0.34800662362397
8.3399999999999	16.5	0.32595515798514
8.3399999999999	17	0.30443993072573
8.3399999999999	17.5	0.28354113793189
8.3399999999999	18	0.26332896627938
8.3399999999999	18.5	0.24386349493017
8.3399999999999	19	0.22519473911599
8.3399999999999	19.5	0.20736282579462
8.3399999999999	20	0.19039828996388
8.3399999999999	20.5	0.17432247878195
8.3399999999999	21	0.15914804957906
8.3399999999999	21.5	0.14487954715765
8.3399999999999	22	0.13151404545398
8.3399999999999	22.5	0.11904183865643
8.3399999999999	23	0.10744716721675
8.3399999999999	23.5	0.096708964817961
8.3399999999999	24	0.086801613236985
8.3399999999999	24.5	0.077695693120514
8.3399999999999	25	0.069358719934235
8.3399999999999	25.5	0.061755855703754
8.3399999999999	26	0.054850588596273
8.3399999999999	26.5	0.048605373852844
8.3399999999999	27	0.042982231032384
8.3399999999999	27.5	0.03794329393488
8.3399999999999	28	0.033451310900928
8.3399999999999	28.5	0.029470094411451
8.3399999999999	29	0.025964920013607
8.3399999999999	29.5	0.022902875560379
8.3399999999999	30	0.020253162560974