8.4199999999999	-30	0.024418028451618
8.4199999999999	-29.5	0.021583580404645
8.4199999999999	-29	0.019146303362652
8.4199999999999	-28.5	0.017079435379646
8.4199999999999	-28	0.015358877075263
8.4199999999999	-27.5	0.013963346837553
8.4199999999999	-27	0.012874502269334
8.4199999999999	-26.5	0.012077031245545
8.4199999999999	-26	0.011558715802637
8.4199999999999	-25.5	0.011310471828981
8.4199999999999	-25	0.011326367183382
8.4199999999999	-24.5	0.011603620454216
8.4199999999999	-24	0.012142582101705
8.4199999999999	-23.5	0.012946699218319
8.4199999999999	-23	0.014022464614603
8.4199999999999	-22.5	0.015379350407339
8.4199999999999	-22	0.017029725770422
8.4199999999999	-21.5	0.018988758022313
8.4199999999999	-21	0.021274295782553
8.4199999999999	-20.5	0.023906732547767
8.4199999999999	-20	0.026908848728067
8.4199999999999	-19.5	0.030305629959502
8.4199999999999	-19	0.034124059377834
8.4199999999999	-18.5	0.038392881512323
8.4199999999999	-18	0.043142335542717
8.4199999999999	-17.5	0.048403855863534
8.4199999999999	-17	0.054209738220436
8.4199999999999	-16.5	0.060592770124794
8.4199999999999	-16	0.067585824813017
8.4199999999999	-15.5	0.075221418692485
8.4199999999999	-15	0.08353123299871
8.4199999999999	-14.5	0.092545601268452
8.4199999999999	-14	0.1022929651973
8.4199999999999	-13.5	0.11279930248104
8.4199999999999	-13	0.12408753131818
8.4199999999999	-12.5	0.13617689735298
8.4199999999999	-12	0.14908234993918
8.4199999999999	-11.5	0.16281391567535
8.4199999999999	-11	0.17737607817389
8.4199999999999	-10.5	0.19276717394539
8.4199999999999	-10	0.20897881507611
8.4199999999999	-9.5	0.22599535001665
8.4199999999999	-9	0.24379337425372
8.4199999999999	-8.5	0.26234130287472
8.4199999999999	-8	0.28159901703096
8.4199999999999	-7.5	0.30151759603782
8.4199999999999	-7	0.32203914630152
8.4199999999999	-6.5	0.34309673742208
8.4199999999999	-6	0.36461445468572
8.4199999999999	-5.5	0.38650757573133
8.4199999999999	-5	0.4086828774653
8.4199999999999	-4.5	0.43103907732764
8.4199999999999	-4	0.4534674108075
8.4199999999999	-3.5	0.47585234470477
8.4199999999999	-3	0.49807242308051
8.4199999999999	-2.5	0.52000124018431
8.4199999999999	-2	0.54150853194873
8.4199999999999	-1.5	0.56246137496158
8.4199999999999	-1	0.58272547923275
8.4199999999999	-0.5	0.60216655862907
8.4199999999999	0	0.62065176062709
8.4199999999999	0.5	0.63805113509238
8.4199999999999	1	0.65423912019674
8.4199999999999	1.5	0.66909602238462
8.4199999999999	2	0.68250946654322
8.4199999999999	2.5	0.69437579225334
8.4199999999999	3	0.70460137222415
8.4199999999999	3.5	0.71310382975705
8.4199999999999	4	0.71981313334074
8.4199999999999	4.5	0.7246725482358
8.4199999999999	5	0.72763942713459
8.4199999999999	5.5	0.72868582463833
8.4199999999999	6	0.72779892332396
8.4199999999999	6.5	0.72498126251325
8.4199999999999	7	0.72025076442993
8.4199999999999	7.5	0.71364055615587
8.4199999999999	8	0.7051985895868
8.4199999999999	8.5	0.69498706535093
8.4199999999999	9	0.68308167030126
8.4199999999999	9.5	0.66957064163563
8.4199999999999	10	0.65455367385625
8.4199999999999	10.5	0.63814068757731
8.4199999999999	11	0.62045048156096
8.4199999999999	11.5	0.60160929125484
8.4199999999999	12	0.58174927847832
8.4199999999999	12.5	0.56100697773464
8.4199999999999	13	0.53952172489989
8.4199999999999	13.5	0.51743409376249
8.4199999999999	14	0.49488436507577
8.4199999999999	14.5	0.47201105147499
8.4199999999999	15	0.4489494998418
8.4199999999999	15.5	0.42583059053119
8.4199999999999	16	0.40277955037154
8.4199999999999	16.5	0.37991489357985
8.4199999999999	17	0.35734750177757
8.4199999999999	17.5	0.3351798512255
8.4199999999999	18	0.31350539229719
8.4199999999999	18.5	0.29240808315493
8.4199999999999	19	0.27196207665153
8.4199999999999	19.5	0.25223155671878
8.4199999999999	20	0.23327071797743
8.4199999999999	20.5	0.2151238800598
8.4199999999999	21	0.1978257262127
8.4199999999999	21.5	0.18140165417147
8.4199999999999	22	0.16586822608131
8.4199999999999	22.5	0.15123370339472
8.4199999999999	23	0.13749865218921
8.4199999999999	23.5	0.12465660421229
8.4199999999999	24	0.11269475914965
8.4199999999999	24.5	0.10159471409673
8.4199999999999	25	0.091333206959305
8.4199999999999	25.5	0.081882861474785
8.4199999999999	26	0.073212922691178
8.4199999999999	26.5	0.065289973021184
8.4199999999999	27	0.058078620360822
8.4199999999999	27.5	0.051542151183389
8.4199999999999	28	0.04564314295009
8.4199999999999	28.5	0.040344031581556
8.4199999999999	29	0.035607631076991
8.4199999999999	29.5	0.031397603621371
8.4199999999999	30	0.027678879662626