9.2699999999998	-30	0.32914209393963
9.2699999999998	-29.5	0.30839382760167
9.2699999999998	-29	0.28817712082948
9.2699999999998	-28.5	0.26856077389728
9.2699999999998	-28	0.2496047184011
9.2699999999998	-27.5	0.23135998332012
9.2699999999998	-27	0.21386877747852
9.2699999999998	-26.5	0.19716468001416
9.2699999999998	-26	0.18127292912128
9.2699999999998	-25.5	0.16621079828109
9.2699999999998	-25	0.15198804843262
9.2699999999998	-24.5	0.13860744406405
9.2699999999998	-24	0.12606532101301
9.2699999999998	-23.5	0.1143521938366
9.2699999999998	-23	0.10345339092664
9.2699999999998	-22.5	0.093349706077007
9.2699999999998	-22	0.084018055927579
9.2699999999998	-21.5	0.075432133580678
9.2699999999998	-21	0.067563049677775
9.2699999999998	-20.5	0.060379953301677
9.2699999999998	-20	0.053850626198989
9.2699999999998	-19.5	0.047942044967006
9.2699999999998	-19	0.042620906988259
9.2699999999998	-18.5	0.037854116997315
9.2699999999998	-18	0.033609232204208
9.2699999999998	-17.5	0.02985486485673
9.2699999999998	-17	0.02656104198319
9.2699999999998	-16.5	0.023699522805787
9.2699999999998	-16	0.021244074943794
9.2699999999998	-15.5	0.019170711030643
9.2699999999998	-15	0.017457887748542
9.2699999999998	-14.5	0.01608666954068
9.2699999999998	-14	0.015040859399416
9.2699999999998	-13.5	0.014307099157021
9.2699999999998	-13	0.013874941633288
9.2699999999998	-12.5	0.013736896833642
9.2699999999998	-12	0.013888454155296
9.2699999999998	-11.5	0.014328082261873
9.2699999999998	-11	0.01505720794369
9.2699999999998	-10.5	0.016080174906853
9.2699999999998	-10	0.017404183045011
9.2699999999998	-9.5	0.019039208358126
9.2699999999998	-9	0.020997903307917
9.2699999999998	-8.5	0.02329547705382
9.2699999999998	-8	0.025949554709736
9.2699999999998	-7.5	0.02898001451287
9.2699999999998	-7	0.032408801612702
9.2699999999998	-6.5	0.036259717080383
9.2699999999998	-6	0.040558180714862
9.2699999999998	-5.5	0.045330966288436
9.2699999999998	-5	0.050605908035899
9.2699999999998	-4.5	0.056411577450867
9.2699999999998	-4	0.062776929810696
9.2699999999998	-3.5	0.069730920306204
9.2699999999998	-3	0.077302090199925
9.2699999999998	-2.5	0.085518124070431
9.2699999999998	-2	0.094405379911228
9.2699999999998	-1.5	0.10398839462916
9.2699999999998	-1	0.11428936831487
9.2699999999998	-0.5	0.12532763152008
9.2699999999998	0	0.1371191006541
9.2699999999998	0.5	0.14967572748411
9.2699999999998	1	0.16300494956761
9.2699999999998	1.5	0.17710914923662
9.2699999999998	2	0.19198512946693
9.2699999999998	2.5	0.20762361557657
9.2699999999998	3	0.22400879218034
9.2699999999998	3.5	0.2411178851584
9.2699999999998	4	0.2589207985531
9.2699999999998	4.5	0.27737981627097
9.2699999999998	5	0.29644937821817
9.2699999999998	5.5	0.31607594002603
9.2699999999998	6	0.3361979248199
9.2699999999998	6.5	0.35674577454704
9.2699999999998	7	0.37764210721053
9.2699999999998	7.5	0.39880198496505
9.2699999999998	8	0.42013329643303
9.2699999999998	8.5	0.44153725481674
9.2699999999998	9	0.46290901144341
9.2699999999998	9.5	0.48413838231814
9.2699999999998	10	0.50511068311528
9.2699999999998	10.5	0.52570766585491
9.2699999999998	11	0.54580854833686
9.2699999999998	11.5	0.56529112528946
9.2699999999998	12	0.58403294818684
9.2699999999998	12.5	0.60191255884847
9.2699999999998	13	0.61881076030815
9.2699999999998	13.5	0.63461190707493
9.2699999999998	14	0.64920519584785
9.2699999999998	14.5	0.66248593702795
9.2699999999998	15	0.67435678702434
9.2699999999998	15.5	0.68472892139839
9.2699999999998	16	0.69352312934458
9.2699999999998	16.5	0.70067081086972
9.2699999999998	17	0.70611485929838
9.2699999999998	17.5	0.70981041338183
9.2699999999998	18	0.71172546529375
9.2699999999998	18.5	0.71184131311997
9.2699999999998	19	0.71015284904411
9.2699999999998	19.5	0.70666867724301
9.2699999999998	20	0.70141105847293
9.2699999999998	20.5	0.69441568138417
9.2699999999998	21	0.68573126367948
9.2699999999998	21.5	0.67541898925959
9.2699999999998	22	0.66355179040885
9.2699999999998	22.5	0.65021348679757
9.2699999999998	23	0.63549779555499
9.2699999999998	23.5	0.6195072288398
9.2699999999998	24	0.60235189715855
9.2699999999998	24.5	0.58414823811536
9.2699999999998	25	0.56501769129186
9.2699999999998	25.5	0.54508534053685
9.2699999999998	26	0.52447854508337
9.2699999999998	26.5	0.5033255806136
9.2699999999998	27	0.48175431067356
9.2699999999998	27.5	0.45989090772775
9.2699999999998	28	0.43785864167375
9.2699999999998	28.5	0.41577675185216
9.2699999999998	29	0.39375941653944
9.2699999999998	29.5	0.37191483165537
9.2699999999998	30	0.35034440801214