9.2899999999998	-30	0.34191008355448
9.2899999999998	-29.5	0.32089576879487
9.2899999999998	-29	0.30036570651437
9.2899999999998	-28.5	0.28039391854168
9.2899999999998	-28	0.26104566298794
9.2899999999998	-27.5	0.2423773256665
9.2899999999998	-27	0.22443643185542
9.2899999999998	-26.5	0.20726177100179
9.2899999999998	-26	0.19088362546497
9.2899999999998	-25.5	0.17532409317101
9.2899999999998	-25	0.16059749311321
9.2899999999998	-24.5	0.14671084198673
9.2899999999998	-24	0.13366438988326
9.2899999999998	-23.5	0.12145220288334
9.2899999999998	-23	0.11006278055044
9.2899999999998	-22.5	0.09947969672966
9.2899999999998	-22	0.08968225265641
9.2899999999998	-21.5	0.080646132156546
9.2899999999998	-21	0.072344049636101
9.2899999999998	-20.5	0.06474638258166
9.2899999999998	-20	0.057821781388043
9.2899999999998	-19.5	0.051537750464927
9.2899999999998	-19	0.04586119571699
9.2899999999998	-18.5	0.040758934614245
9.2899999999998	-18	0.036198166144425
9.2899999999998	-17.5	0.032146898945041
9.2899999999998	-17	0.028574336830359
9.2899999999998	-16.5	0.02545122174311
9.2899999999998	-16	0.022750134861275
9.2899999999998	-15.5	0.020445757169858
9.2899999999998	-15	0.018515091262698
9.2899999999998	-14.5	0.016937646470338
9.2899999999998	-14	0.01569558962002
9.2899999999998	-13.5	0.014773863829194
9.2899999999998	-13	0.014160277723089
9.2899999999998	-12.5	0.013845567360577
9.2899999999998	-12	0.013823432963023
9.2899999999998	-11.5	0.01409055228173
9.2899999999998	-11	0.014646572125413
9.2899999999998	-10.5	0.015494079214954
9.2899999999998	-10	0.016638551153916
9.2899999999998	-9.5	0.018088287915203
9.2899999999998	-9	0.019854323861902
9.2899999999998	-8.5	0.021950319958347
9.2899999999998	-8	0.024392435499541
9.2899999999998	-7.5	0.027199178406281
9.2899999999998	-7	0.030391232911397
9.2899999999998	-6.5	0.033991263310127
9.2899999999998	-6	0.038023692373832
9.2899999999998	-5.5	0.042514453038762
9.2899999999998	-5	0.047490712086074
9.2899999999998	-4.5	0.05298056472988
9.2899999999998	-4	0.059012699328549
9.2899999999998	-3.5	0.065616031830604
9.2899999999998	-3	0.072819310057636
9.2899999999998	-2.5	0.080650688507708
9.2899999999998	-2	0.089137275026192
9.2899999999998	-1.5	0.098304651426613
9.2899999999998	-1	0.10817637093939
9.2899999999998	-0.5	0.11877343620589
9.2899999999998	0	0.13011376240157
9.2899999999998	0.5	0.14221163094539
9.2899999999998	1	0.15507714011099
9.2899999999998	1.5	0.16871565967592
9.2899999999998	2	0.18312729750289
9.2899999999998	2.5	0.19830638661751
9.2899999999998	3	0.21424100190445
9.2899999999998	3.5	0.23091251596415
9.2899999999998	4	0.24829520393192
9.2899999999998	4.5	0.26635590713852
9.2899999999998	5	0.28505376536907
9.2899999999998	5.5	0.30434002713857
9.2899999999998	6	0.32415794683824
9.2899999999998	6.5	0.34444277681055
9.2899999999998	7	0.36512186138201
9.2899999999998	7.5	0.38611483862684
9.2899999999998	8	0.40733395416372
9.2899999999998	8.5	0.42868448961876
9.2899999999998	9	0.45006530654661
9.2899999999998	9.5	0.47136950461709
9.2899999999998	10	0.49248519078436
9.2899999999998	10.5	0.51329635399975
9.2899999999998	11	0.53368383785412
9.2899999999998	11.5	0.5535264013899
9.2899999999998	12	0.57270185625668
9.2899999999998	12.5	0.5910882664509
9.2899999999998	13	0.6085651951294
9.2899999999998	13.5	0.62501498146826
9.2899999999998	14	0.64032402929851
9.2899999999998	14.5	0.65438408832826
9.2899999999998	15	0.66709350819289
9.2899999999998	15.5	0.67835844538609
9.2899999999998	16	0.68809400333442
9.2899999999998	16.5	0.69622528649433
9.2899999999998	17	0.70268835037303
9.2899999999998	17.5	0.70743103079038
9.2899999999998	18	0.71041363748737
9.2899999999998	18.5	0.71160949931489
9.2899999999998	19	0.71100535066333
9.2899999999998	19.5	0.7086015514694
9.2899999999998	20	0.70441213600427
9.2899999999998	20.5	0.69846468864363
9.2899999999998	21	0.6908000478793
9.2899999999998	21.5	0.68147184288339
9.2899999999998	22	0.67054586991111
9.2899999999998	22.5	0.65809931865828
9.2899999999998	23	0.64421986131027
9.2899999999998	23.5	0.6290046193707
9.2899999999998	24	0.61255902538906
9.2899999999998	24.5	0.59499559837128
9.2899999999998	25	0.57643265292316
9.2899999999998	25.5	0.55699296301769
9.2899999999998	26	0.53680240168268
9.2899999999998	26.5	0.51598857787095
9.2899999999998	27	0.49467949131288
9.2899999999998	27.5	0.47300222527903
9.2899999999998	28	0.45108169592981
9.2899999999998	28.5	0.42903947533851
9.2899999999998	29	0.40699270338894
9.2899999999998	29.5	0.38505310162395
9.2899999999998	30	0.36332609981068