9.3799999999998	-30	0.40058576169433
9.3799999999998	-29.5	0.3787924577855
9.3799999999998	-29	0.35723488001808
9.3799999999998	-28.5	0.33600869549719
9.3799999999998	-28	0.31520186238257
9.3799999999998	-27.5	0.29489417278867
9.3799999999998	-27	0.27515692451437
9.3799999999998	-26.5	0.25605271964639
9.3799999999998	-26	0.23763538598075
9.3799999999998	-25.5	0.21995001530691
9.3799999999998	-25	0.20303311093291
9.3799999999998	-24.5	0.18691283541953
9.3799999999998	-24	0.17160934835616
9.3799999999998	-23.5	0.15713522315616
9.3799999999998	-23	0.14349593127914
9.3799999999998	-22.5	0.13069038199236
9.3799999999998	-22	0.11871150575258
9.3799999999998	-21.5	0.10754686950321
9.3799999999998	-21	0.09717931261553
9.3799999999998	-20.5	0.087587592830824
9.3799999999998	-20	0.078747032349594
9.3799999999998	-19.5	0.070630155134888
9.3799999999998	-19	0.063207307513636
9.3799999999998	-18.5	0.05644725524128
9.3799999999998	-18	0.050317751308105
9.3799999999998	-17.5	0.044786069880701
9.3799999999998	-17	0.039819502861099
9.3799999999998	-16.5	0.035385816584691
9.3799999999998	-16	0.031453667144842
9.3799999999998	-15.5	0.027992973709506
9.3799999999998	-15	0.02497524996948
9.3799999999998	-14.5	0.022373894519259
9.3799999999998	-14	0.020164441513617
9.3799999999998	-13.5	0.018324773363605
9.3799999999998	-13	0.016835297535298
9.3799999999998	-12.5	0.015679089697356
9.3799999999998	-12	0.014842005535682
9.3799999999998	-11.5	0.014312763524215
9.3799999999998	-11	0.014083000820852
9.3799999999998	-10.5	0.014147304259213
9.3799999999998	-10	0.014503218143866
9.3799999999998	-9.5	0.015151230243291
9.3799999999998	-9	0.016094737026076
9.3799999999998	-8.5	0.01733998881686
9.3799999999998	-8	0.018896015174305
9.3799999999998	-7.5	0.020774530428713
9.3799999999998	-7	0.022989818975933
9.3799999999998	-6.5	0.025558599620322
9.3799999999998	-6	0.028499868005231
9.3799999999998	-5.5	0.031834715976075
9.3799999999998	-5	0.035586126598541
9.3799999999998	-4.5	0.039778743511446
9.3799999999998	-4	0.044438613337125
9.3799999999998	-3.5	0.049592900007112
9.3799999999998	-3	0.055269570090554
9.3799999999998	-2.5	0.061497048538315
9.3799999999998	-2	0.068303844676107
9.3799999999998	-1.5	0.075718148791711
9.3799999999998	-1	0.083767400258657
9.3799999999998	-0.5	0.092477828813243
9.3799999999998	0	0.10187397134262
9.3799999999998	0.5	0.11197816733564
9.3799999999998	1	0.12281003697908
9.3799999999998	1.5	0.13438594673263
9.3799999999998	2	0.14671846806494
9.3799999999998	2.5	0.15981583586045
9.3799999999998	3	0.17368141378717
9.3799999999998	3.5	0.18831317462645
9.3799999999998	4	0.20370320418214
9.3799999999998	4.5	0.21983723788323
9.3799999999998	5	0.23669423954874
9.3799999999998	5.5	0.25424603197312
9.3799999999998	6	0.27245698899565
9.3799999999998	6.5	0.29128379852125
9.3799999999998	7	0.31067530554882
9.3799999999998	7.5	0.33057244362979
9.3799999999998	8	0.35090826231726
9.3799999999998	8.5	0.37160805707965
9.3799999999998	9	0.39258960684685
9.3799999999998	9.5	0.41376352284687
9.3799999999998	10	0.43503371069582
9.3799999999998	10.5	0.45629794584949
9.3799999999998	11	0.47744856054318
9.3799999999998	11.5	0.49837323827398
9.3799999999998	12	0.5189559097585
9.3799999999998	12.5	0.53907774217516
9.3799999999998	13	0.55861821142082
9.3799999999998	13.5	0.57745624512817
9.3799999999998	14	0.59547142235179
9.3799999999998	14.5	0.61254521418837
9.3799999999998	15	0.62856224819505
9.3799999999998	15.5	0.64341157835393
9.3799999999998	16	0.65698794153767
9.3799999999998	16.5	0.66919298099149
9.3799999999998	17	0.67993641728543
9.3799999999998	17.5	0.68913714752131
9.3799999999998	18	0.69672425430733
9.3799999999998	18.5	0.70263790713583
9.3799999999998	19	0.70683014030054
9.3799999999998	19.5	0.70926549334592
9.3799999999998	20	0.70992150221773
9.3799999999998	20.5	0.70878903173812
9.3799999999998	21	0.70587244270998
9.3799999999998	21.5	0.70118958980611
9.3799999999998	22	0.69477164935667
9.3799999999998	22.5	0.68666277914719
9.3799999999998	23	0.67691961531148
9.3799999999998	23.5	0.66561061428168
9.3799999999998	24	0.65281525047532
9.3799999999998	24.5	0.63862308289572
9.3799999999998	25	0.62313270604068
9.3799999999998	25.5	0.60645060240647
9.3799999999998	26	0.58868991539939
9.3799999999998	26.5	0.56996916259426
9.3799999999998	27	0.5504109099882
9.3799999999998	27.5	0.53014042817897
9.3799999999998	28	0.50928435125085
9.3799999999998	28.5	0.48796935859056
9.3799999999998	29	0.46632089890184
9.3799999999998	29.5	0.44446197437326
9.3799999999998	30	0.42251200131795