9.7299999999998	-30	0.61105245664701
9.7299999999998	-29.5	0.59424572869547
9.7299999999998	-29	0.57643332276523
9.7299999999998	-28.5	0.55773113578565
9.7299999999998	-28	0.5382584562584
9.7299999999998	-27.5	0.51813669083636
9.7299999999998	-27	0.497488100376
9.7299999999998	-26.5	0.4764345639926
9.7299999999998	-26	0.45509638865011
9.7299999999998	-25.5	0.43359118050251
9.7299999999998	-25	0.41203279260872
9.7299999999998	-24.5	0.3905303618135
9.7299999999998	-24	0.36918744557017
9.7299999999998	-23.5	0.34810126732997
9.7299999999998	-23	0.32736207688986
9.7299999999998	-22.5	0.30705262982932
9.7299999999998	-22	0.28724778792854
9.7299999999998	-21.5	0.26801424029469
9.7299999999998	-21	0.24941034287381
9.7299999999998	-20.5	0.23148607213446
9.7299999999998	-20	0.21428308700754
9.7299999999998	-19.5	0.19783489168449
9.7299999999998	-19	0.18216709063116
9.7299999999998	-18.5	0.16729772618271
9.7299999999998	-18	0.15323768835021
9.7299999999998	-17.5	0.13999118599297
9.7299999999998	-17	0.12755626828392
9.7299999999998	-16.5	0.11592538540621
9.7299999999998	-16	0.10508597764979
9.7299999999998	-15.5	0.0950210825041
9.7299999999998	-15	0.08570994994246
9.7299999999998	-14.5	0.077128656836513
9.7299999999998	-14	0.069250712295965
9.7299999999998	-13.5	0.062047646669761
9.7299999999998	-13	0.055489577939641
9.7299999999998	-12.5	0.049545750257089
9.7299999999998	-12	0.044185040392864
9.7299999999998	-11.5	0.039376428859705
9.7299999999998	-11	0.03508943341152
9.7299999999998	-10.5	0.031294503497422
9.7299999999998	-10	0.027963375040831
9.7299999999998	-9.5	0.025069385610473
9.7299999999998	-9	0.02258775064293
9.7299999999998	-8.5	0.020495801860217
9.7299999999998	-8	0.018773189398923
9.7299999999998	-7.5	0.017402049430831
9.7299999999998	-7	0.016367139212679
9.7299999999998	-6.5	0.015655941561189
9.7299999999998	-6	0.015258740717298
9.7299999999998	-5.5	0.015168671450954
9.7299999999998	-5	0.015381743076698
9.7299999999998	-4.5	0.015896839813387
9.7299999999998	-4	0.0167156986424
9.7299999999998	-3.5	0.017842865511601
9.7299999999998	-3	0.019285630411371
9.7299999999998	-2.5	0.021053941528257
9.7299999999998	-2	0.023160298374898
9.7299999999998	-1.5	0.025619623515016
9.7299999999998	-1	0.028449112261626
9.7299999999998	-0.5	0.031668059536567
9.7299999999998	0	0.035297662950029
9.7299999999998	0.5	0.039360801098712
9.7299999999998	1	0.043881786097745
9.7299999999998	1.5	0.048886089460132
9.7299999999998	2	0.054400040621897
9.7299999999998	2.5	0.060450497683032
9.7299999999998	3	0.067064490293536
9.7299999999998	3.5	0.074268835057654
9.7299999999998	4	0.082089724353157
9.7299999999998	4.5	0.090552290059047
9.7299999999998	5	0.099680144344977
9.7299999999998	5.5	0.10949490038716
9.7299999999998	6	0.12001567662479
9.7299999999998	6.5	0.13125858894157
9.7299999999998	7	0.14323623593161
9.7299999999998	7.5	0.15595718316692
9.7299999999998	8	0.16942545310534
9.7299999999998	8.5	0.18364002794031
9.7299999999998	9	0.19859437327521
9.7299999999998	9.5	0.21427599098301
9.7299999999998	10	0.23066600996513
9.7299999999998	10.5	0.24773882373068
9.7299999999998	11	0.26546178376118
9.7299999999998	11.5	0.28379495748909
9.7299999999998	12	0.30269095938996
9.7299999999998	12.5	0.3220948631563
9.7299999999998	13	0.34194420218468
9.7299999999998	13.5	0.36216906466249
9.7299999999998	14	0.38269228839641
9.7299999999998	14.5	0.40342975918766
9.7299999999998	15	0.4242908150493
9.7299999999998	15.5	0.44517875689687
9.7299999999998	16	0.46599146455488
9.7299999999998	16.5	0.48662211503852
9.7299999999998	17	0.50695999812963
9.7299999999998	17.5	0.52689142230838
9.7299999999998	18	0.54630070216981
9.7299999999998	18.5	0.56507121659319
9.7299999999998	19	0.58308652518643
9.7299999999998	19.5	0.60023152894323
9.7299999999998	20	0.61639365967121
9.7299999999998	20.5	0.63146408161376
9.7299999999998	21	0.645338887835
9.7299999999998	21.5	0.65792027339488
9.7299999999998	22	0.6691176671359
9.7299999999998	22.5	0.67884880405008
9.7299999999998	23	0.68704072070385
9.7299999999998	23.5	0.69363065706963
9.7299999999998	24	0.6985668493364
9.7299999999998	24.5	0.70180919983077
9.7299999999998	25	0.70332981204681
9.7299999999998	25.5	0.70311338092346
9.7299999999998	26	0.7011574308795
9.7299999999998	26.5	0.69747239666871
9.7299999999998	27	0.69208154479829
9.7299999999998	27.5	0.68502073600254
9.7299999999998	28	0.67633803202202
9.7299999999998	28.5	0.66609315264269
9.7299999999998	29	0.65435679154154
9.7299999999998	29.5	0.64120980190475
9.7299999999998	30	0.62674226498009